32349   379.21 -1.44    0.009
30438    10.43 -0.62    0.164
69673    88.85 -0.05    1.239
71683   742.12 -0.01    0.710
91262   128.93  0.03   -0.001
24608    77.29  0.08    0.795
24436     4.22  0.18   -0.030
37279   285.93  0.40    0.432
7588     22.68  0.45   -0.158
27989     7.63  0.45    1.500
68702     6.21  0.61   -0.231
97649   194.44  0.76    0.221
60718    10.17  0.77   -0.243
21421    50.09  0.87    1.538
65474    12.44  0.98   -0.235
80763     5.40  1.06    1.865
37826    96.74  1.16    0.991
113368  130.08  1.17    0.145
62434     9.25  1.25   -0.238
102098    1.01  1.25    0.092
71681   742.12  1.35    0.900
49669    42.09  1.36   -0.087
33579     7.57  1.50   -0.211
36850    63.27  1.58    0.034
61084    37.09  1.59    1.600
85927     4.64  1.62   -0.231
25336    13.42  1.64   -0.224
25428    24.89  1.65   -0.130
45238    29.34  1.67    0.070
26311     2.43  1.69   -0.184
109268   32.16  1.73   -0.070
26727     3.99  1.74   -0.199
39953     3.88  1.75   -0.145
62956    40.30  1.76   -0.022
15863     5.51  1.79    0.481
90185    22.55  1.79   -0.031
54061    26.38  1.81    1.061
34444     1.82  1.83    0.671
67301    32.39  1.85   -0.099
86228    11.99  1.86    0.406
41037     5.16  1.86    1.196
28360    39.72  1.90    0.077
82273     7.85  1.91    1.447
31681    31.12  1.93    0.001
42913    40.90  1.93    0.043
100751   17.80  1.94   -0.118
11767     7.56  1.97    0.636
30324     6.53  1.98   -0.240
46390    18.40  1.99    1.440
48752      4.17  7.84    0.097
71348      2.08  6.82    1.698
42708      2.39  7.20    1.712
78866     11.95  7.83    0.412
22645      4.42  8.86    0.260
54065      9.18  7.54    0.331
3560       7.74  9.69    0.720
90987      2.96  8.06    1.053
40104      5.42  8.25    0.291
104382    12.07  5.45    0.283
23845      4.78  8.73    0.196
35861      4.07  8.52    0.033
112355     9.99  6.55    0.292
92231      2.69  8.73    1.139
30678      4.28  7.36   -0.020
49368      3.36  9.10    0.375
76725      1.80  7.58    1.540
92300      7.13  9.47    0.431
39106      4.26  9.14    1.379
32897     15.94  8.69    0.608
66780      1.93  9.06    0.123
38078      7.13  9.21    0.628
104602     3.05  8.61    1.497
60041      5.16  6.63   -0.068
29078      0.92  9.06    1.275
1007       1.73  7.22    0.054
8469       3.10  7.94    0.051
54441      3.99  8.44    1.150
22379      2.77  7.17    1.728
10768      5.55  8.25    1.040
75736     15.54  6.49    0.303
62662      8.73  9.23    0.546
46043      2.62  9.68    1.537
114889     0.57  8.24    1.726
12931      2.69  9.32    0.345
37199      0.22  9.59    1.031
5654       7.28  9.94    0.596
97658      2.94  9.82    0.516
99687     12.24  8.44    0.564
20325     17.08  7.50    0.473
110397    16.23  9.26    0.684
77114      4.51  8.77    0.829
50402      3.65  8.69    1.224
40861      6.76  7.64    0.450
75386      7.98  7.50    0.907
1649      11.33  8.73    0.627
68569      2.44  8.50    1.140
92824     13.06  5.29    1.304
84461      5.32  6.58    0.898
64690     40.52  7.11    0.710
115193     6.57  8.56    0.493
115836     6.24  5.50    1.278
100968    12.81  8.10    0.689
903        4.41  8.85    0.585
58185      0.45  9.17    1.434
88018      5.39  7.66    1.330
5953       1.69  7.93    1.614
10809      5.60  9.23    0.456
13844     12.49  8.28    0.502
111644     3.49  7.47    1.247
33601      9.94  8.60    0.476
83769      7.47  8.30    0.441
56557     17.09  8.93    0.706
77470     16.40  7.81    0.483
87780      2.98  7.96    1.569
46512      1.39  8.21   -0.008
8550       6.94  9.22    0.550
64109     27.10  8.20    0.721
15307      2.96  9.05    0.397
83217     20.11  9.41    0.798
106463     2.99  8.47    1.077
94254      1.92  8.63    1.701
73883     12.52  8.27    0.477
45816      2.85  9.07    0.145
82459      0.18  9.11    1.777
105585    19.10  8.80    0.758
105569     3.20  8.87    0.746
32500     25.55  6.46    0.429
32760      5.37  8.98    0.439
20198      1.82  8.70    1.030
48620      4.44  7.31    1.401
27050      3.98  8.31    1.040
52065     16.91  7.51    0.770
86410      8.63  7.56    0.490
28682      4.74  9.59    0.472
103426     3.82  7.61    0.068
36813      0.73  8.60    1.371
59086      2.51  9.04    1.047
66710      3.45  7.64    1.046
2764       5.16  8.81    0.411
13778      7.40  8.93    0.428
91074      5.16  8.67    0.473
43636      3.63  8.47    1.028
40514     10.44  6.76    0.064
50605     13.45  7.80    0.441
109686     4.64  8.23    0.245
73791      4.39  7.69    1.109
65758     17.94  9.19    0.750
13281      6.41  9.68    0.692
116717     8.76  7.93    0.342
72636      1.58  7.69    1.487
27734      3.19  8.57    1.116
25412      3.28 10.04    1.500
40951     11.82  8.47    0.442
113840     1.43  8.77    1.352
51737      9.80  8.04    0.441
83255      5.45  6.05    0.043
86937      5.68  9.71    0.462
34967     11.86  8.60    0.563
18872      6.89  7.95    0.323
54474      3.37  6.87    1.741
83987      4.68  8.48    0.186
92332     13.36  7.98    0.521
19514      2.45  8.71    0.549
9250       7.09  9.45    0.421
101562     6.91  9.23    0.424
78948      7.30  9.52    0.546
110867    16.19  8.10    0.913
60638      4.26  6.32    1.065
15574      6.75  8.73    0.511
100793     3.87  7.57    1.042
51472      8.68  6.64    0.119
77613      4.08  9.40    0.442
27710      9.48  8.13    0.351
620        2.53  7.39   -0.018
94002      4.55  8.16    0.319
46892     10.70  7.08    0.431
46870     11.06  7.60    0.537
111196     9.88  5.76    1.020
67891      8.02  8.63    0.381
48976      6.71  9.14    0.362
15974      1.31  9.18    0.321
7302       2.37  9.10    1.419
54409      2.72  8.91    0.987
37470      7.63  8.13    0.334
26661      7.33  6.77    0.940
108907     9.20  8.43    0.600
117751     5.92  7.96    0.212
3470      15.37  8.28    0.571
12610      5.48  8.31    0.169
107949    10.51  7.70    0.509
87742      3.24  8.36    0.955
66323      4.33  7.12    0.011
7931       4.00  8.65    1.136
66753     12.71  5.56    0.183
59059      5.45  8.07    0.182
44020      5.56  8.71    0.466
54279      5.38  7.26   -0.030
32458      3.75  9.91    0.252
105871     8.05  8.88    0.921
10993      7.44  7.82    0.375
115928     1.40  7.42    0.951
91434     15.89  8.11    0.580
3114       6.18  6.81    1.260
39319      1.30  9.10    1.326
75015     13.20  8.58    0.549
43908     20.73  5.43    0.306
14210      1.66  8.89    1.473
105581     2.09  7.22    1.713
58713      5.01  9.15    0.594
58697      9.74  6.05    1.290
60926     11.73  8.12    0.521
93082      2.56  8.01    1.682
64709      3.41  8.30   -0.007
105532     5.94  8.21    0.372
80852      3.51  8.15    1.486
112146     2.30  7.88    1.297
56706     11.36  7.47    0.409
23372      7.28  9.16    0.464
37010      4.82  8.71    0.200
3053      26.42  7.74    0.754
22504     23.20  8.14    0.614
63852      2.68  8.60    1.201
71564      8.32  8.65    0.527
105628     5.59  7.89    0.124
83487      4.52  9.24    0.192
51723      4.94  7.66    1.160
17328      6.78  6.40   -0.005
2928       3.74  8.07    1.236
88274     14.91  6.45    0.437
105145     5.99  7.01    1.089
52020      6.19  7.82    0.018
17079      2.81  8.96    1.259
29830      9.56 10.27    0.615
81063     12.09 10.07    0.601
12823      1.85  8.20    1.710
63031      8.79  5.45    0.991
120071     3.83 10.21    0.326
57484      3.49  8.18   -0.006
88896      1.94  8.82    1.019
102575     2.98  8.92    1.081
49616      8.93  8.66    0.663
40701      3.17  8.23    1.556
29313      3.47  8.55    1.017
59731      6.76  9.53    0.463
8783       3.09  8.27    0.075
108129     7.33  6.59    1.157
34374      4.92  8.45    0.211
12078      4.99  7.22    1.088
60297      5.72  9.13    0.841
82768      3.35  7.79    1.028
114668     1.90  9.26    1.092
91202      3.88  9.37    0.314
96614     10.72  8.27    0.608
1074       4.00  5.78    1.710
55746     12.07  7.64    0.475
81367      4.70  8.26    1.172
3899       4.76  8.72    0.462
98708      2.34  9.21    1.145
26932      5.15  7.93    0.483
114306     0.54  8.86    1.083
21989      3.79  9.20    0.564
106320     4.89  6.42    1.405
20930      1.91  8.41    1.490
68695      4.10  8.57    1.397
74296     10.24  5.88   -0.031
25776      9.35  6.18   -0.003
7568       8.94  5.66    0.939
76800      4.86  8.84    1.127
105274    15.20  7.76    0.501
8976       2.33  6.97    1.628
92145      3.59  8.77    1.152
95781     13.00  7.70    0.744
16131      8.90  8.05    0.894
86072      7.66  8.48    0.557
41796      1.29  8.91    1.158
110428     4.29  8.73    1.276
83751     15.32  8.67    0.594
45532      4.91  7.14    1.134
45469      2.57  8.40    0.995
10436      1.23  9.95    0.181
45357      5.57  7.86    1.022
76178     12.09  9.02    0.548
53702      9.17  6.19    0.100
71747      6.85  9.18    0.912
69487      8.75  6.78    0.982
14759     15.27 10.25    0.840
85054      8.21  9.09    0.637
19732      0.37  7.20   -0.094
68429      3.49  8.57    1.111
53498      4.02  8.45    0.073
34753      4.84  7.53    0.006
76996     15.02  5.57    0.118
64743      8.45  8.58    0.492
80382     10.45  8.67    0.651
39998      1.45  7.73    1.731
54391      4.46  7.89    1.129
108469     2.70  8.98    1.300
102205    11.89  6.94    0.221
88209      5.05  8.49    0.176
67227      0.42 11.08    0.354
93276     11.96  9.22    0.569
90509      5.47  6.49   -0.035
95930     10.09  8.60    0.463
98509      1.70  9.21    1.161
21235      3.34  8.76    1.038
51084      2.25  8.18    1.537
36020      1.89  8.77    1.054
118119     2.33  9.08    1.134
105428     4.44  7.50    0.387
83366      0.68  7.97    1.573
59928     10.47  8.49    0.465
12921     15.84  9.81    0.730
61501      2.36  8.28    0.072
112859    15.86  9.88    0.966
79242     27.88  7.70    0.790
51499      4.72  9.07    0.447
19890      6.17  6.99    1.131
16781      5.88  9.46    0.671
71404      3.11  7.18    1.547
107239    16.56  8.88    0.660
51272      7.51  8.80    0.477
111982    11.23  8.81    0.474
79682     19.72  8.74    0.620
87414     13.71  7.63    0.600
507        1.80  8.51    1.576
99902     15.99  9.72    0.870
41528      4.51  8.55    0.364
49442     14.41  7.18    0.591
3036       7.02  8.55    0.347
17287      5.11  7.67    0.406
96311     10.12  8.46    0.513
6383       7.65 11.02    0.400
68057     11.43 10.28    0.634
23180      5.33  9.90    0.391
3627       6.13  8.53    0.848
32435     17.46  7.46    0.460
107823     3.22  7.64   -0.019
108744     5.66  9.12    0.687
93481      4.01  7.50   -0.017
104244     5.24  8.47    0.379
34905      2.86  7.98    1.657
74187      3.58  7.83    0.389
66660     11.87  7.22    0.422
80990      1.48  9.65    0.341
25758      8.52  9.23    0.549
22763      5.04  9.05    0.444
117347     5.13  7.80    0.939
23824     21.01  6.80    0.573
103235     4.22 10.05    0.468
64652      3.75  9.78    0.555
30523      9.03  9.33    0.740
60912      4.52  6.61    0.003
98279      3.03  7.99    1.455
55372      4.24  8.47    1.177
64213      1.04  9.60    1.031
59404      5.15  7.38    0.106
78783      3.29  8.55    0.077
33675      5.42  7.42    1.040
3911      16.94  7.94    0.522
112372     8.35  7.85    0.415
45061      4.90  7.57    1.096
82501      4.96  9.25    0.484
108322    13.80  9.30    0.722
38537      5.88  8.18    0.241
76032      5.75  8.49    1.039
102484     4.89  8.66    0.352
84800     13.55  9.12    0.581
70638     11.70  4.31    1.300
48724      2.81  9.13    0.184
62239      8.05  8.87    0.596
96923     10.51  9.32    0.635
73796      3.38  8.18    1.040
95507      4.40  8.97    0.520
37226      2.60  9.06    0.729
19589      7.09  8.46    0.605
80996      3.71  7.91    0.392
5084       4.73  7.37    1.080
13195      3.51  8.54    1.041
92509      5.46  7.66    1.098
115641     3.16  9.23    0.524
69834      1.73  8.97    1.190
81390     21.41  8.31    0.835
14700      4.16  7.61    0.380
29228      6.56  8.51    0.409
46373      4.16  9.04    0.487
110729     6.66  8.18    0.314
21480      6.34  7.15    1.093
56323      6.31  8.05    0.973
94347     22.25  7.26    0.444
80611     11.06  8.37    0.499
112049    23.29  9.39    0.972
16840      3.33  8.87    1.420
98905      3.86  9.31    0.446
101333     2.92  9.16    1.295
93117      5.84  6.35   -0.033
89358      7.09  8.16    0.852
55116      2.42  8.74    0.264
16208      4.92  9.66    0.456
66822      2.98 10.07    0.160
8018      14.95  7.22    0.710
51672      1.46  8.64    1.319
109415     3.77  7.36    1.219
113257     8.52  8.33    0.490
14052      3.37  8.38    1.149
66869      5.22 10.06    0.511
60330      6.59  8.90    0.446
92586      3.02  7.17    1.267
100697    12.95  6.15    0.203
26383      6.96  8.59    0.560
70154      2.20  8.11    0.631
58055      5.71  8.33    1.296
104997     3.93  7.60    1.255
4926       4.48  7.96    1.070
111898    10.15  6.68    0.319
7637       4.71  7.32    1.031
82076      3.53  6.58    1.571
87931      9.13  7.20    0.326
76642      0.87  8.75   -0.080
73540      8.39  5.65    0.962
82853     14.60  8.99    0.674
105511    14.28  7.19    0.339
63002      3.14  8.89    0.158
24202     12.65  8.70    0.558
103679     4.10  7.24    1.397
2115       9.53  8.03    0.515
88950      7.01  8.75    0.442
116982     0.87  8.77    1.126
71370      2.28  8.64    0.077
19250     10.00  9.77    0.666
52104     11.32  8.84    0.667
56996      9.47  6.32    1.080
107267     1.49  7.80    1.374
17931      8.20  9.55    0.602
14272      4.82  9.06    0.833
1452       3.49  9.76    0.483
12971      6.26  9.03    0.399
73771      1.88  5.65    1.273
106259     9.00  6.95    0.115
3087       3.69  8.34    0.163
18157      8.86  8.34    1.075
117825     4.75  6.79    1.503
19955      4.46  8.51    0.356
77248      3.22  9.14    1.258
118051     2.06  7.91    1.393
61395     15.68  9.60    0.976
7601      36.86  5.88    0.620
29960      4.04  8.16    0.330
10806      3.82  7.82    1.138
63967      5.76  7.43    0.200
97475      1.88  7.62    1.580
51925      2.57  8.87    0.050
68647      6.73  7.15    1.282
73013      5.95  8.49    0.601
50461     12.44  6.68    0.996
48294      7.61  8.29    0.362
20446     10.05  6.77    0.209
91619      4.16  7.86    1.282
32351     12.43  7.60    0.401
80754      8.56  9.84    0.622
49889     35.62 11.07    1.420
44909      8.38  8.61    0.476
70418      3.70  6.42   -0.001
111825     6.88  8.15    0.321
28363      6.22  9.69    0.569
99318     11.06  8.15    0.471
47622      3.53  8.10    0.016
85530      2.09  6.64   -0.095
87165      9.90  8.67    0.474
83439      5.26  8.68    0.173
108497     5.46  8.55    1.029
66707      4.00  8.47    1.322
59624      4.65  8.11    1.459
88343      2.67  8.31    0.903
62132      9.74  9.29    0.561
64119     10.58  8.09    0.617
107843     7.49  5.27    0.756
113807    16.89  7.77    0.898
112911     8.54  8.39    0.955
1806       3.87  9.42    0.459
106474     4.01  6.35    0.089
72825      0.46  8.77    1.575
8291       8.90  8.38    0.355
4266       1.91  8.39    1.600
68009      3.74  5.95    1.411
76966      4.00  8.56    1.165
109280     1.90  8.19    1.341
110231     6.81  9.01    0.705
97855      2.56  8.54    1.388
41910     13.20  8.87    0.539
19437      7.09  9.31    0.534
28837      2.40  8.78    0.102
21455     23.01  9.48    0.865
37356      6.41  7.28    1.280
53629      4.43  7.51    0.048
42059      8.42  6.84    0.436
80567      6.05  6.80    1.049
58623     14.84  9.42    0.726
10594      4.06  9.16    0.505
93544      4.67  8.97    0.470
5549      13.40  8.78    0.602
58361     11.52  8.74    0.638
21967      3.00  7.74    1.591
55876      3.99  8.96    1.273
82619      1.03  9.27    0.829
9386       5.53  8.05    0.352
49261      5.05  7.34    1.079
117066    25.18  7.68    0.608
3716      13.96  9.19    0.666
89876      2.22  7.64    1.308
93834      6.02  8.16    0.576
15645      9.59  8.19    0.480
22646     30.39  8.59    0.890
11084      5.80  9.02    0.143
23148      9.34  5.84    0.932
107747    10.11  7.16    0.485
86210      1.89  8.01    1.622
27279      4.78  8.43    0.205
92817      6.99 10.79    0.504
46742      4.48  8.61    0.545
117381     2.35  8.48    0.448
8374       8.25  9.69    0.626
84219      9.73  7.41    0.334
31931     20.94 10.35    1.086
24276      4.63  9.48    0.531
37512      5.74  7.52    1.094
18136      9.99  9.68    0.674
44800     12.56  7.64    0.535
83972      4.14  7.17   -0.061
16768     10.19  9.35    0.615
9697       2.75  7.99   -0.005
9191      16.89  8.58    0.648
53871      5.33  8.83    0.383
101628    14.14  9.16    0.618
7560       8.03  7.15    0.866
102695     2.74  8.99    1.057
15540      7.50  8.30    0.418
46557      5.62  7.64    0.058
102868    13.94  9.30    0.646
58911      3.77  8.35    1.141
36543      8.77  8.37    0.435
12018     14.88  7.44    0.684
814       13.45  5.29    1.049
70479      3.50  8.35    1.079
87091     32.66  9.01    0.980
49065      8.17  5.53    0.035
56531      1.52 11.17    0.064
105307     5.44  8.19    0.317
32460      8.70  8.61    0.537
109845     8.57  9.62    0.644
118114    10.38  5.72    1.055
97813      1.02  8.28    1.561
29155      4.29  7.61   -0.015
107689     3.47  9.69    0.530
44288      1.96  8.50    1.244
34084      4.46  9.50    0.432
87843      8.00  8.84    0.473
72081      7.23  8.61    0.410
29076      6.74  7.20    0.313
116939    19.27  9.80    0.920
62065      2.35  8.96    1.190
6916       5.63  9.71    0.595
52381      5.43  8.05    0.460
22518      8.56  9.90    0.730
99634     32.10  8.46    0.896
104436    41.28  6.98    0.619
117689    12.20  5.10    0.934
39529      3.80  9.35    0.381
28849      4.75  8.29    0.035
37817      9.44  7.49    0.210
105973     5.02  8.49    0.526
80624      5.62  7.28    1.093
106553     8.50  7.76    0.278
115970     8.86  9.27    0.879
79680      1.53  9.18    0.081
51557      2.82  7.05   -0.067
66597      8.61  9.40    0.567
14026      3.82  9.35    0.269
87160      3.55  8.20    0.947
75341      1.48  8.18    1.708
72837      3.35  8.58    1.220
68616     10.83  8.53    0.586
89434      3.57  7.92    0.195
46399      1.98  7.88    1.493
48775      3.16  8.62    0.175
91723      5.89  6.27   -0.104
95189      1.28  8.51    1.615
69473      7.69  8.73    0.399
17184     20.29  8.65    0.692
20382      4.30  8.07    1.168
67146     10.25  9.44    0.580
25612     32.84 10.12    1.170
45183     15.60  7.49    0.556
13839      1.55  9.30    0.994
96314      6.10  6.63    1.042
15470      3.48  8.65    1.264
47203      3.19  8.35    0.212
76391     12.69  8.20    0.538
47299      5.68  6.72    1.018
31601      3.85  8.60    1.071
46731      6.16  8.65    0.587
5228       3.82  7.59    1.341
50607      6.22  7.23    0.239
60573      4.34 10.73    0.631
29792     17.05  9.39    0.770
54017     11.86  7.88    0.563
51605      4.58  7.39    0.991
100359    13.91  8.65    0.643
1665       5.76  9.58    0.546
26269     20.12  7.12    0.496
85714      3.39  8.25    1.601
39772      3.48  8.02    1.459
38017     11.77  6.79    0.160
82592      7.65  8.27    0.405
25472      5.93  8.27    0.254
20297     18.61  5.78    0.359
55035      5.36  8.55    1.193
98531      4.76  8.47    0.068
49326      5.78  6.60    0.919
53700     10.72  6.70    0.534
11039      2.40  8.41    1.574
114281     2.89  9.26    1.104
24256      5.29  6.51    1.107
69422      4.47  8.27    1.318
5964       0.86  7.91    1.131
95344     11.59  8.72    0.656
78677      5.93  9.36    0.456
96128      7.86  7.83    0.463
101697     6.20  8.60    1.080
78179      1.38  8.66    1.744
21945      4.17  8.14    1.237
34132      4.53  8.67    0.123
9052      13.66  6.93    0.380
62060      0.59  9.15    1.356
11957      4.54  9.18    0.529
88599      3.53  6.37    1.528
12271      2.43  8.88    1.119
71883      2.62  8.90    1.747
31772      4.33  8.87    0.524
87968     14.32  7.30    0.418
70610     27.57  9.68    1.016
55110      2.95 11.25   -0.045
83344      6.36  8.88    1.047
56256      4.67  8.44    0.445
89009      7.72  8.14    0.918
94304      9.72  7.60    0.391
104098     2.34  7.92    1.060
28125     16.97  9.95    0.808
95335      3.68  8.77    1.222
112405    23.23  4.13    0.208
114859    45.21  9.96    1.050
8499       3.62  7.48    1.216
98086      4.70  6.39    1.402
58104      4.57  8.92    1.307
367        1.38  9.13    0.239
106846     6.22  9.90    0.574
104796     7.74  9.32    0.492
63483     10.05  9.07    0.464
83924      2.52  8.54    0.160
65302     29.33  7.88    0.667
76030      5.58  8.97    0.375
96675      3.16 10.32    0.709
101843     5.13  5.89    1.692
92358     11.75  8.28    0.501
21101      2.74  7.85    1.472
96425     22.20  8.46    0.774
107693     6.55  9.30    0.530
35056      6.30  8.50    0.288
38220      3.62  8.43    1.623
73226      6.54  8.82    0.546
59722      5.65  7.61    0.253
58032      3.67  9.37    0.427
89337     12.63 10.58    0.919
2986       4.84  9.02    0.488
84601      4.07  8.73    0.152
102742     6.27  9.60    0.760
51632      3.97  7.77    0.124
80507      2.66  9.63    0.046
63794      5.75  7.21    1.030
89788      8.23  8.42    0.590
43092      3.70  8.43    1.169
46133      3.92  8.55    1.078
113346     5.46  9.05    0.541
13999      8.38  7.84    0.347
83576      2.65  7.81    0.887
24542     17.65  9.65    0.786
86012      7.85  7.70    0.260
32564      4.36  7.25    1.424
28993      6.18  7.12    0.317
48027      2.92  7.84    1.689
51284      4.59  7.56    1.107
25079      3.89  7.20    0.279
8701      32.38  8.95    0.888
6281      12.96  9.31    0.603
69896     23.36  4.89    0.243
58095      3.48  9.03    0.083
14565      9.12  9.56    0.508
19561      4.30  8.60    1.201
110158     6.02  9.60    0.480
108260     3.40  9.52    0.349
101427     6.19  5.76    1.122
24718     14.06  8.44    0.700
11342      4.91  9.41    0.333
46928      6.05  5.07   -0.139
112092     2.98  9.01    1.440
52969      2.90  8.03    0.197
81120      8.24  8.77    0.449
98771      4.80 10.00    0.535
50379      5.30  7.97    1.041
42221      9.58  9.19    0.643
41191     12.93  5.67    1.018
114550     5.60  6.43    1.498
77219      6.51  9.30    0.381
18970      3.11  8.30    1.399
102087     9.73  9.15    0.689
105720     4.06  9.56    0.600
6657       2.56  8.80    1.270
16910      3.68  9.11    0.420
85760      4.02  5.83    1.617
16899      2.90  8.36    1.107
99559      9.46  9.17    0.460
26194      5.35  8.28    1.155
33308      4.62  7.75    1.341
53643      0.77  8.10   -0.065
116145     6.38  7.34    1.116
36187     13.16  9.15    0.618
31897      8.07  5.61    0.214
23435      2.07  8.96    1.079
79786      4.87  7.15    1.038
82005      3.13  8.91    0.116
53651     13.88  8.65    0.552
46107     17.69  5.34    0.454
72915      5.76  9.17    0.373
59798      2.80  7.91    0.152
22295     16.55  8.14    0.538
69055      8.42  7.60    0.276
78250      3.10  7.93    1.536
80200     11.30  7.04    0.435
71598      0.97  8.37    1.363
19188     14.08  7.89    0.632
92928      3.94  6.57    0.041
101037     6.98  8.97    0.477
16190      5.95  7.77    1.168
4357       6.07  9.72    0.570
40949      4.09  8.91    0.078
62590      5.46  7.20    0.200
104206    11.79  7.12    0.351
111153    16.56  8.97    0.650
105876     8.93  8.14    0.633
13985      4.53  9.44    0.940
85301      6.77  9.97    0.640
86626      4.53  9.33    1.132
3131       5.26  7.90    0.744
49859      9.11  8.82    0.423
97291      5.23  9.94    0.760
22101      8.58  8.18    0.475
88538      5.73  8.94    0.700
103520     6.87  8.35    0.948
99075      3.92  8.21    1.172
28440      3.84  9.33    0.463
30936      5.23  8.66    0.218
40034      1.79  8.66    1.576
10389      5.97  9.32    0.407
78806      1.82  9.01    1.334
66817      9.00  9.28    0.634
8119      14.23  9.71    0.780
93889     14.35  8.83    0.721
116861     4.75  9.88    0.448
101241     7.06  7.56    0.371
85970     10.26  8.71    0.680
52633      8.97  4.45   -0.188
30887      4.75  8.91    0.474
10504      3.78  8.98    0.330
9400      24.32  8.93    0.797
46120     16.46 10.11    0.561
51713     11.96  7.18    0.415
47815      5.74 10.36    1.251
114884     8.98  8.24    0.485
51365      5.96  8.84    0.928
47829     10.00  9.25    0.765
58291      3.41  7.45    0.400
106861     5.74  9.77    0.540
15229      2.79  9.09    0.977
57192      5.95  6.61    0.084
26394     54.92  5.65    0.600
52595      9.21  5.46    0.957
110329    11.97  8.43    0.569
75420      4.21  8.09    0.366
110256    12.15  5.09    1.276
111793     4.91  8.59    1.025
115028     2.69  8.35    0.207
1802       6.22 10.80    0.715
24084     12.47  7.58    0.513
317        5.53  7.91    0.314
114993     2.75  8.84    1.293
94158      4.02  9.38    0.574
45829     10.85  7.41    0.965
47421      3.03  8.59    0.065
107681     3.08  7.97    1.477
103372     6.56  9.70    0.000
82222      5.75  8.18    0.478
47253      2.92  8.07    0.033
70860      3.39  8.05    0.172
105073     4.18  7.47    0.037
102594     3.94  8.47    0.344
80865      3.68  8.31    0.022
108768    13.82 11.77    1.100
74091      4.25  6.81    0.041
29515     11.76  9.04    0.556
43490     14.10  9.55    0.544
8224      29.96  9.48    1.126
21136      3.46  8.43    1.121
73576      3.25  8.89    1.052
67813      7.35  7.67    0.385
65771     11.28  7.91    0.408
56395      8.23  8.05    0.239
89873      4.30  7.36    1.000
95544      7.11  9.01    0.625
90606      9.36  5.95    1.173
110100     4.22  8.79    1.134
63768      4.28  7.92    0.471
89445      1.37  8.81    1.002
20049      8.00  5.67    0.836
76351     26.01  8.71    0.891
24187      5.51  7.92    1.123
35937     33.17 10.12    1.274
92877      7.20  8.69    0.524
78347      4.28  8.53    0.383
8366      16.13  6.05    0.338
938        4.78  7.21    0.916
38259     10.48  8.67    0.674
52874     11.09  8.99    0.659
41995      4.90  7.02    1.399
43911      5.34  8.34    0.279
32821      2.25  8.53    1.362
102803     5.15  7.91    1.077
49299      3.26  8.69    0.625
112781     7.35  5.32   -0.126
20195      3.61  8.78    0.494
105514    11.58  7.65    0.834
64173      1.40  8.25    1.510
5598       6.75  8.31    0.354
28068      2.90  9.02    0.923
70248      5.92  5.06   -0.108
70861     13.52  7.56    0.470
84180      5.94  8.92    0.590
116337     2.67  8.88    0.546
80741     12.27  9.23    0.690
97159      2.17  7.61    1.752
83175      2.69  9.17    1.690
68827      1.33  9.45    0.553
99511      7.13 12.06    0.693
83046      6.22  7.67    0.029
60261      6.96  7.65    0.222
48320      4.64  6.47    0.074
11183      3.31  9.49    1.095
106424     9.05  6.47    0.044
97459      4.17  9.49    0.704
17319      2.32  8.24    0.710
12667      4.01  8.93    1.134
71550      5.66  7.88    0.219
94421      4.39  9.61    1.734
95958      5.20  9.10    0.502
34744      5.07  8.90    0.297
42427      1.31  9.52    1.626
64951      7.35  6.34   -0.027
53096      2.69  8.36    1.044
35661     12.49  9.11    0.632
71209      3.50  6.66    1.118
63417      4.72  8.13    0.061
90359      1.67  7.46    1.762
7231       3.69  7.21    0.122
106051     5.41  7.36    1.098
51785      1.73  9.24    1.579
26321      3.04  8.49    0.191
7958       6.52  7.94    0.397
117596    18.64  8.03    0.666
6641       2.75  8.56    0.997
28525     13.79  8.69    0.602
21124      2.44  9.26    1.179
102608     5.64  7.60    1.071
1292      56.76  6.59    0.749
85558      7.14  8.82    0.592
47186      3.74  8.80    0.686
88757      6.06  8.78    0.460
66697      0.58  8.96    0.034
80158      5.83  8.00    0.266
24014      2.59  8.80    1.355
12173      3.96  7.66    1.025
18179      7.62  9.08    0.511
52674      0.71  9.19    1.113
22260      2.14  7.85    0.362
73041      4.89  9.16    0.660
30767      2.24  9.10    1.673
12654     16.85  9.44    0.838
61192      7.42  7.10    0.068
52340      3.26  5.97   -0.071
67107      1.05  7.92    1.610
25381      4.96  8.68    0.581
54374      4.16  8.89    0.278
61288      9.83  8.98    0.510
70858      3.42 11.29    0.643
70847     10.09  9.05    0.570
29092      5.31  9.03    0.126
59075      3.86  9.36    1.223
108377     4.61  7.39    1.011
113169     3.55  8.16    1.098
74456      2.04  8.36    1.341
30477      4.23  8.86    0.927
70266      2.69  7.48    1.666
33737     15.60 10.11    0.908
8419       3.30  9.14    1.312
39255      5.48  9.30    0.631
24939      0.76  8.75    1.661
42539     18.56  8.09    0.578
46556      3.88 10.30    0.520
37855     11.97  8.90    0.600
55225     15.50  6.35    0.266
82242      0.73  9.07    0.220
3536       0.59  8.80    1.430
49423      4.38  9.07    1.176
66023      3.08  6.69    1.385
110895     4.61  8.96    1.194
38916      3.35  7.73    1.648
91271      9.45  7.95    0.608
77492      8.83  9.16    0.726
74240     13.58  7.38    0.432
32068      8.16  9.49    0.633
76498      6.92  8.69    0.498
100416     6.78  7.61    0.015
13673      4.75  7.87    1.170
47658      7.94  7.30    1.140
53151      1.94  6.36    1.460
107833     0.90  8.65    1.557
79904      1.23  9.09    1.238
20144     10.09  6.96    0.201
52069      7.31  7.80    0.278
23547     10.72  9.64    0.709
43012      5.83  5.79    1.595
55984      2.03  9.24    0.766
6056       6.86  9.58    0.587
94255      5.80  8.10    0.979
114258    13.44  6.11    0.145
71139      1.99  8.90    1.510
69992     10.57  9.49    0.613
86703      1.16  8.60    1.696
115129     6.66  6.34    0.913
83466      2.89  9.28    0.348
13819      1.24  9.26    1.488
60287      6.95  7.51    0.020
62287      8.82  8.48    0.500
21519      4.55  7.99    1.085
44296      2.31  8.76    0.109
106881    16.64  6.17    0.460
114991     6.37  8.14    0.302
34554      2.60  7.81    0.166
99013      7.76  8.01    0.228
37231      5.56  8.96    0.535
33384      9.17  5.45    0.041
77761      5.25  7.68    0.044
100913     2.61  8.32    1.410
14900      2.28  8.85    1.456
63639      9.27  8.93    0.515
27566     12.06  5.46   -0.076
55156      9.72  9.10    0.693
45071      3.52  7.86    0.149
22404      3.92  8.59    1.232
15824      4.94  9.80    0.784
68712      6.05  9.79    0.582
109878     3.89  8.98    1.169
19433      3.33  8.98    0.990
45419      2.57  8.97    1.292
40415      6.14  7.03   -0.019
1790       1.44  9.81    0.422
60000     12.05  4.24   -0.123
7696       8.80  9.20    0.573
27086      2.34  9.07    1.400
57137     17.95  6.38    0.894
75692     11.46  7.61    1.091
110282     3.18  8.40    0.224
108615     6.86  9.65    0.609
64621     11.88  8.81    0.605
87327      8.34  9.51    0.537
104453    16.72  7.90    0.517
90421      3.45  7.16    1.201
55085      1.67  9.05    1.795
78900      5.12  9.49    0.434
446        5.05  7.71    1.093
69020      3.84  7.92    1.135
56728      1.38  8.90    1.540
5162       0.13  8.97    1.724
1425       6.42  7.92    0.621
92097      6.86  8.41    0.432
28461      3.59  9.00    1.327
93496      8.71  7.64    0.476
42054      3.05  8.52    1.375
6518       5.02  9.27    0.508
96118     11.41  8.60    0.682
64612      4.15  8.12    1.183
70094      5.35  9.60    0.494
35671      3.72  7.57    1.264
117675     1.15  9.23    1.179
39173      3.63  7.55    0.882
7879       8.26  6.33    0.947
74663      6.99  6.66    0.836
93139      0.83  8.78    1.849
50984      1.07  9.15    1.720
72233      2.98  8.00    1.742
99379      5.43  7.26    1.003
11757     11.18  5.27    0.981
16815      6.38  6.84    1.015
36638      1.76  8.93    1.893
36039      6.99  5.54    1.281
102428     0.95  8.90    1.772
76378      2.36  7.53    0.031
32840      7.67 10.15    0.841
2925       2.01 10.09    0.349
66069      2.25  7.71    1.304
46148      5.21  7.85    0.053
100303    10.02  8.47    0.505
42794     10.23  6.05    0.229
30170      8.68  7.31    1.036
84941      5.21  7.41    0.316
67405      1.35  9.82    0.168
49416      6.93  7.32    0.248
38        23.84  8.65    0.778
100594     8.18  7.56    0.218
72370      7.93  3.83    1.433
87550      5.18  8.37    0.776
6828       4.30  7.97    0.986
11857      3.84  7.96    1.015
79215      2.15  8.07    1.394
94631     16.75  8.07    0.519
10538      8.91  8.86    0.584
81830      3.75  6.73    1.345
10363     18.63  9.33    0.789
19445      2.31  8.39    0.199
108449     9.03  9.63    0.705
25864      4.11  8.89    0.565